Default LOCALE: C

<<< setup, at 0s, took 1.50549e+09s


<<< generate, at 0.02s, took 0.056175s

Default LOCALE: C

<<< setup, at 0s, took 1.50581e+09s


<<< generate, at 0.03s, took 0.241508s


<<< solve, at 147741s, took 37015.6s


OBJECTIVE: 1
coords = """ [ <0 0>  <1 0>  <2 0>  <3 0>  <0 1>  <1 1>  <2 1>  <3 1>  <0 2> 
     <1 2>  <2 2>  <3 2>  <0 3>  <1 3>  <2 3>  <3 3>]"""
neighbours_to = """ [{2 5} {1 3 6} {2 4 7} {3 8} {1 6 9} {2 5 7 10} {3 6 8 11} {4 7 12} {5 10 13}
         {6 9 11 14} {7 10 12 15} {8 11 16} {9 14} {10 13 15} {11 14 16} {12
         15}]"""
neighbours_from = """ [{2 5} {1 3 6} {2 4 7} {3 8} {1 6 9} {2 5 7 10} {3 6 8 11} {4 7 12} {5 10 13}
         {6 9 11 14} {7 10 12 15} {8 11 16} {9 14} {10 13 15} {11 14 16} {12
         15}]"""
range = 1
sources =  {1}
sinks =  {16}
attacker_start_pos = 16
attacker_range = 1
attacker_neighbours_to = """ [{2 5} {3 6} {2 4 7} {3 8} {6 9} {2 5 7 10} {3 6 8 11} {4 7 12} {5 10 13} {6
         9 11 14} {7 10 12 15} {8 11 16} {9 14} {10 13 15} {11 14 16} {12 15}]"""
attacker_neighbours_from = """ [{} {1 3 6} {2 4 7} {3 8} {1 6 9} {2 5 7 10} {3 6 8 11} {4 7 12} {5 10 13}
         {6 9 11 14} {7 10 12 15} {8 11 16} {9 14} {10 13 15} {11 14 16} {12
         15}]"""
normal_messages = 7
fake_messages = 0
messages = 7
slots_per_second = 7
source_period = 1
safety_period = 7
message_sent_once = 0
objective_function = 3
attacker_source_distance_obj = 3.605551275
attacker_find_source_obj = 0
energy_usage_obj = 47
attacker_moves_obj = 1
message_latency_obj = 184
used_edges = """ [{<16 16>} {<16 16>} {<16 16>} {<16 16>} {<16 16>} {<16 16>} {
        <16 16>} {<16 16>} {<16 16>} {<16 16>} {<16 16>} {<16 16>} {
        <16 16>} {<16 16>} {<16 16>} {<16 16>} {<16 16>} {<16 16>} {
        <16 16>} {<16 16>} {<16 16>} {<16 16>} {<16 16>} {<16 16>} {
        <16 16>} {<16 16>} {<16 16>} {<16 16>} {<16 12>} {<12 12>} {
        <12 12>} {<12 12>} {<12 12>} {<12 12>} {<12 12>} {<12 12>} {
        <12 12>} {<12 12>} {<12 12>} {<12 12>} {<12 12>} {<12 12>} {
        <12 12>} {<12 12>} {<12 12>} {<12 12>} {<12 12>} {<12 12>} {
        <12 12>} {<12 12>}]"""
broadcasted_at = """ [[{1} {8} {15} {22 30} {23 29} {36} {18 43}]
         [{} {} {} {} {} {} {19}]
         [{} {} {} {} {} {} {20}]
         [{} {} {} {} {} {} {}]
         [{45} {44} {43} {42} {24} {41} {40}]
         [{} {} {} {} {} {} {}]
         [{} {} {} {} {} {} {}]
         [{} {} {} {} {} {} {}]
         [{46} {45} {44} {43} {25} {42} {41}]
         [{} {} {} {} {26} {} {}]
         [{} {} {} {} {27} {} {}]
         [{} {} {} {} {28} {} {}]
         [{47} {46} {45} {44} {} {43} {42}]
         [{48} {47} {46} {45} {} {44} {43}]
         [{49} {48} {47} {46} {} {45} {44}]
         [{} {} {} {} {} {} {}]]"""
message_latency = """ [48 40 32 24 5 9 26]"""

<<< post process, at 147741s, took 0.0704801s

// solution with objective 1
broadcasts = [[[0 1 0 0 0 0 0 0 0 0 0 0 0 0 0 0
                 0 0 0 0 0 0 0 0 0 0 0 0 0 0 0 0 0 0 0 0 0 0 0 0 0 0 0 0 0
                 0 0 0 0 0]
                 [0 0 0 0 0 0 0 0 1 0 0 0 0 0 0 0 0 0 0 0 0 0 0 0 0 0 0 0 0
                 0 0 0 0 0 0 0 0 0 0 0 0 0 0 0 0 0 0 0 0 0]
                 [0 0 0 0 0 0 0 0 0 0 0 0 0 0 0 1 0 0 0 0 0 0 0 0 0 0 0 0 0
                 0 0 0 0 0 0 0 0 0 0 0 0 0 0 0 0 0 0 0 0 0]
                 [0 0 0 0 0 0 0 0 0 0 0 0 0 0 0 0 0 0 0 0 0 0 1 0 0 0 0 0 0
                 0 1 0 0 0 0 0 0 0 0 0 0 0 0 0 0 0 0 0 0 0]
                 [0 0 0 0 0 0 0 0 0 0 0 0 0 0 0 0 0 0 0 0 0 0 0 1 0 0 0 0 0
                 1 0 0 0 0 0 0 0 0 0 0 0 0 0 0 0 0 0 0 0 0]
                 [0 0 0 0 0 0 0 0 0 0 0 0 0 0 0 0 0 0 0 0 0 0 0 0 0 0 0 0 0
                 0 0 0 0 0 0 0 1 0 0 0 0 0 0 0 0 0 0 0 0 0]
                 [0 0 0 0 0 0 0 0 0 0 0 0 0 0 0 0 0 0 1 0 0 0 0 0 0 0 0 0 0
                 0 0 0 0 0 0 0 0 0 0 0 0 0 0 1 0 0 0 0 0 0]]
             [[0 0 0 0 0 0 0 0 0 0 0 0 0 0 0 0 0 0 0 0 0 0 0 0 0 0 0 0 0 0
                 0 0 0 0 0 0 0 0 0 0 0 0 0 0 0 0 0 0 0 0]
                 [0 0 0 0 0 0 0 0 0 0 0 0 0 0 0 0 0 0 0 0 0 0 0 0 0 0 0 0 0
                 0 0 0 0 0 0 0 0 0 0 0 0 0 0 0 0 0 0 0 0 0]
                 [0 0 0 0 0 0 0 0 0 0 0 0 0 0 0 0 0 0 0 0 0 0 0 0 0 0 0 0 0
                 0 0 0 0 0 0 0 0 0 0 0 0 0 0 0 0 0 0 0 0 0]
                 [0 0 0 0 0 0 0 0 0 0 0 0 0 0 0 0 0 0 0 0 0 0 0 0 0 0 0 0 0
                 0 0 0 0 0 0 0 0 0 0 0 0 0 0 0 0 0 0 0 0 0]
                 [0 0 0 0 0 0 0 0 0 0 0 0 0 0 0 0 0 0 0 0 0 0 0 0 0 0 0 0 0
                 0 0 0 0 0 0 0 0 0 0 0 0 0 0 0 0 0 0 0 0 0]
                 [0 0 0 0 0 0 0 0 0 0 0 0 0 0 0 0 0 0 0 0 0 0 0 0 0 0 0 0 0
                 0 0 0 0 0 0 0 0 0 0 0 0 0 0 0 0 0 0 0 0 0]
                 [0 0 0 0 0 0 0 0 0 0 0 0 0 0 0 0 0 0 0 1 0 0 0 0 0 0 0 0 0
                 0 0 0 0 0 0 0 0 0 0 0 0 0 0 0 0 0 0 0 0 0]]
             [[0 0 0 0 0 0 0 0 0 0 0 0 0 0 0 0 0 0 0 0 0 0 0 0 0 0 0 0 0 0
                 0 0 0 0 0 0 0 0 0 0 0 0 0 0 0 0 0 0 0 0]
                 [0 0 0 0 0 0 0 0 0 0 0 0 0 0 0 0 0 0 0 0 0 0 0 0 0 0 0 0 0
                 0 0 0 0 0 0 0 0 0 0 0 0 0 0 0 0 0 0 0 0 0]
                 [0 0 0 0 0 0 0 0 0 0 0 0 0 0 0 0 0 0 0 0 0 0 0 0 0 0 0 0 0
                 0 0 0 0 0 0 0 0 0 0 0 0 0 0 0 0 0 0 0 0 0]
                 [0 0 0 0 0 0 0 0 0 0 0 0 0 0 0 0 0 0 0 0 0 0 0 0 0 0 0 0 0
                 0 0 0 0 0 0 0 0 0 0 0 0 0 0 0 0 0 0 0 0 0]
                 [0 0 0 0 0 0 0 0 0 0 0 0 0 0 0 0 0 0 0 0 0 0 0 0 0 0 0 0 0
                 0 0 0 0 0 0 0 0 0 0 0 0 0 0 0 0 0 0 0 0 0]
                 [0 0 0 0 0 0 0 0 0 0 0 0 0 0 0 0 0 0 0 0 0 0 0 0 0 0 0 0 0
                 0 0 0 0 0 0 0 0 0 0 0 0 0 0 0 0 0 0 0 0 0]
                 [0 0 0 0 0 0 0 0 0 0 0 0 0 0 0 0 0 0 0 0 1 0 0 0 0 0 0 0 0
                 0 0 0 0 0 0 0 0 0 0 0 0 0 0 0 0 0 0 0 0 0]]
             [[0 0 0 0 0 0 0 0 0 0 0 0 0 0 0 0 0 0 0 0 0 0 0 0 0 0 0 0 0 0
                 0 0 0 0 0 0 0 0 0 0 0 0 0 0 0 0 0 0 0 0]
                 [0 0 0 0 0 0 0 0 0 0 0 0 0 0 0 0 0 0 0 0 0 0 0 0 0 0 0 0 0
                 0 0 0 0 0 0 0 0 0 0 0 0 0 0 0 0 0 0 0 0 0]
                 [0 0 0 0 0 0 0 0 0 0 0 0 0 0 0 0 0 0 0 0 0 0 0 0 0 0 0 0 0
                 0 0 0 0 0 0 0 0 0 0 0 0 0 0 0 0 0 0 0 0 0]
                 [0 0 0 0 0 0 0 0 0 0 0 0 0 0 0 0 0 0 0 0 0 0 0 0 0 0 0 0 0
                 0 0 0 0 0 0 0 0 0 0 0 0 0 0 0 0 0 0 0 0 0]
                 [0 0 0 0 0 0 0 0 0 0 0 0 0 0 0 0 0 0 0 0 0 0 0 0 0 0 0 0 0
                 0 0 0 0 0 0 0 0 0 0 0 0 0 0 0 0 0 0 0 0 0]
                 [0 0 0 0 0 0 0 0 0 0 0 0 0 0 0 0 0 0 0 0 0 0 0 0 0 0 0 0 0
                 0 0 0 0 0 0 0 0 0 0 0 0 0 0 0 0 0 0 0 0 0]
                 [0 0 0 0 0 0 0 0 0 0 0 0 0 0 0 0 0 0 0 0 0 0 0 0 0 0 0 0 0
                 0 0 0 0 0 0 0 0 0 0 0 0 0 0 0 0 0 0 0 0 0]]
             [[0 0 0 0 0 0 0 0 0 0 0 0 0 0 0 0 0 0 0 0 0 0 0 0 0 0 0 0 0 0
                 0 0 0 0 0 0 0 0 0 0 0 0 0 0 0 1 0 0 0 0]
                 [0 0 0 0 0 0 0 0 0 0 0 0 0 0 0 0 0 0 0 0 0 0 0 0 0 0 0 0 0
                 0 0 0 0 0 0 0 0 0 0 0 0 0 0 0 1 0 0 0 0 0]
                 [0 0 0 0 0 0 0 0 0 0 0 0 0 0 0 0 0 0 0 0 0 0 0 0 0 0 0 0 0
                 0 0 0 0 0 0 0 0 0 0 0 0 0 0 1 0 0 0 0 0 0]
                 [0 0 0 0 0 0 0 0 0 0 0 0 0 0 0 0 0 0 0 0 0 0 0 0 0 0 0 0 0
                 0 0 0 0 0 0 0 0 0 0 0 0 0 1 0 0 0 0 0 0 0]
                 [0 0 0 0 0 0 0 0 0 0 0 0 0 0 0 0 0 0 0 0 0 0 0 0 1 0 0 0 0
                 0 0 0 0 0 0 0 0 0 0 0 0 0 0 0 0 0 0 0 0 0]
                 [0 0 0 0 0 0 0 0 0 0 0 0 0 0 0 0 0 0 0 0 0 0 0 0 0 0 0 0 0
                 0 0 0 0 0 0 0 0 0 0 0 0 1 0 0 0 0 0 0 0 0]
                 [0 0 0 0 0 0 0 0 0 0 0 0 0 0 0 0 0 0 0 0 0 0 0 0 0 0 0 0 0
                 0 0 0 0 0 0 0 0 0 0 0 1 0 0 0 0 0 0 0 0 0]]
             [[0 0 0 0 0 0 0 0 0 0 0 0 0 0 0 0 0 0 0 0 0 0 0 0 0 0 0 0 0 0
                 0 0 0 0 0 0 0 0 0 0 0 0 0 0 0 0 0 0 0 0]
                 [0 0 0 0 0 0 0 0 0 0 0 0 0 0 0 0 0 0 0 0 0 0 0 0 0 0 0 0 0
                 0 0 0 0 0 0 0 0 0 0 0 0 0 0 0 0 0 0 0 0 0]
                 [0 0 0 0 0 0 0 0 0 0 0 0 0 0 0 0 0 0 0 0 0 0 0 0 0 0 0 0 0
                 0 0 0 0 0 0 0 0 0 0 0 0 0 0 0 0 0 0 0 0 0]
                 [0 0 0 0 0 0 0 0 0 0 0 0 0 0 0 0 0 0 0 0 0 0 0 0 0 0 0 0 0
                 0 0 0 0 0 0 0 0 0 0 0 0 0 0 0 0 0 0 0 0 0]
                 [0 0 0 0 0 0 0 0 0 0 0 0 0 0 0 0 0 0 0 0 0 0 0 0 0 0 0 0 0
                 0 0 0 0 0 0 0 0 0 0 0 0 0 0 0 0 0 0 0 0 0]
                 [0 0 0 0 0 0 0 0 0 0 0 0 0 0 0 0 0 0 0 0 0 0 0 0 0 0 0 0 0
                 0 0 0 0 0 0 0 0 0 0 0 0 0 0 0 0 0 0 0 0 0]
                 [0 0 0 0 0 0 0 0 0 0 0 0 0 0 0 0 0 0 0 0 0 0 0 0 0 0 0 0 0
                 0 0 0 0 0 0 0 0 0 0 0 0 0 0 0 0 0 0 0 0 0]]
             [[0 0 0 0 0 0 0 0 0 0 0 0 0 0 0 0 0 0 0 0 0 0 0 0 0 0 0 0 0 0
                 0 0 0 0 0 0 0 0 0 0 0 0 0 0 0 0 0 0 0 0]
                 [0 0 0 0 0 0 0 0 0 0 0 0 0 0 0 0 0 0 0 0 0 0 0 0 0 0 0 0 0
                 0 0 0 0 0 0 0 0 0 0 0 0 0 0 0 0 0 0 0 0 0]
                 [0 0 0 0 0 0 0 0 0 0 0 0 0 0 0 0 0 0 0 0 0 0 0 0 0 0 0 0 0
                 0 0 0 0 0 0 0 0 0 0 0 0 0 0 0 0 0 0 0 0 0]
                 [0 0 0 0 0 0 0 0 0 0 0 0 0 0 0 0 0 0 0 0 0 0 0 0 0 0 0 0 0
                 0 0 0 0 0 0 0 0 0 0 0 0 0 0 0 0 0 0 0 0 0]
                 [0 0 0 0 0 0 0 0 0 0 0 0 0 0 0 0 0 0 0 0 0 0 0 0 0 0 0 0 0
                 0 0 0 0 0 0 0 0 0 0 0 0 0 0 0 0 0 0 0 0 0]
                 [0 0 0 0 0 0 0 0 0 0 0 0 0 0 0 0 0 0 0 0 0 0 0 0 0 0 0 0 0
                 0 0 0 0 0 0 0 0 0 0 0 0 0 0 0 0 0 0 0 0 0]
                 [0 0 0 0 0 0 0 0 0 0 0 0 0 0 0 0 0 0 0 0 0 0 0 0 0 0 0 0 0
                 0 0 0 0 0 0 0 0 0 0 0 0 0 0 0 0 0 0 0 0 0]]
             [[0 0 0 0 0 0 0 0 0 0 0 0 0 0 0 0 0 0 0 0 0 0 0 0 0 0 0 0 0 0
                 0 0 0 0 0 0 0 0 0 0 0 0 0 0 0 0 0 0 0 0]
                 [0 0 0 0 0 0 0 0 0 0 0 0 0 0 0 0 0 0 0 0 0 0 0 0 0 0 0 0 0
                 0 0 0 0 0 0 0 0 0 0 0 0 0 0 0 0 0 0 0 0 0]
                 [0 0 0 0 0 0 0 0 0 0 0 0 0 0 0 0 0 0 0 0 0 0 0 0 0 0 0 0 0
                 0 0 0 0 0 0 0 0 0 0 0 0 0 0 0 0 0 0 0 0 0]
                 [0 0 0 0 0 0 0 0 0 0 0 0 0 0 0 0 0 0 0 0 0 0 0 0 0 0 0 0 0
                 0 0 0 0 0 0 0 0 0 0 0 0 0 0 0 0 0 0 0 0 0]
                 [0 0 0 0 0 0 0 0 0 0 0 0 0 0 0 0 0 0 0 0 0 0 0 0 0 0 0 0 0
                 0 0 0 0 0 0 0 0 0 0 0 0 0 0 0 0 0 0 0 0 0]
                 [0 0 0 0 0 0 0 0 0 0 0 0 0 0 0 0 0 0 0 0 0 0 0 0 0 0 0 0 0
                 0 0 0 0 0 0 0 0 0 0 0 0 0 0 0 0 0 0 0 0 0]
                 [0 0 0 0 0 0 0 0 0 0 0 0 0 0 0 0 0 0 0 0 0 0 0 0 0 0 0 0 0
                 0 0 0 0 0 0 0 0 0 0 0 0 0 0 0 0 0 0 0 0 0]]
             [[0 0 0 0 0 0 0 0 0 0 0 0 0 0 0 0 0 0 0 0 0 0 0 0 0 0 0 0 0 0
                 0 0 0 0 0 0 0 0 0 0 0 0 0 0 0 0 1 0 0 0]
                 [0 0 0 0 0 0 0 0 0 0 0 0 0 0 0 0 0 0 0 0 0 0 0 0 0 0 0 0 0
                 0 0 0 0 0 0 0 0 0 0 0 0 0 0 0 0 1 0 0 0 0]
                 [0 0 0 0 0 0 0 0 0 0 0 0 0 0 0 0 0 0 0 0 0 0 0 0 0 0 0 0 0
                 0 0 0 0 0 0 0 0 0 0 0 0 0 0 0 1 0 0 0 0 0]
                 [0 0 0 0 0 0 0 0 0 0 0 0 0 0 0 0 0 0 0 0 0 0 0 0 0 0 0 0 0
                 0 0 0 0 0 0 0 0 0 0 0 0 0 0 1 0 0 0 0 0 0]
                 [0 0 0 0 0 0 0 0 0 0 0 0 0 0 0 0 0 0 0 0 0 0 0 0 0 1 0 0 0
                 0 0 0 0 0 0 0 0 0 0 0 0 0 0 0 0 0 0 0 0 0]
                 [0 0 0 0 0 0 0 0 0 0 0 0 0 0 0 0 0 0 0 0 0 0 0 0 0 0 0 0 0
                 0 0 0 0 0 0 0 0 0 0 0 0 0 1 0 0 0 0 0 0 0]
                 [0 0 0 0 0 0 0 0 0 0 0 0 0 0 0 0 0 0 0 0 0 0 0 0 0 0 0 0 0
                 0 0 0 0 0 0 0 0 0 0 0 0 1 0 0 0 0 0 0 0 0]]
             [[0 0 0 0 0 0 0 0 0 0 0 0 0 0 0 0 0 0 0 0 0 0 0 0 0 0 0 0 0 0
                 0 0 0 0 0 0 0 0 0 0 0 0 0 0 0 0 0 0 0 0]
                 [0 0 0 0 0 0 0 0 0 0 0 0 0 0 0 0 0 0 0 0 0 0 0 0 0 0 0 0 0
                 0 0 0 0 0 0 0 0 0 0 0 0 0 0 0 0 0 0 0 0 0]
                 [0 0 0 0 0 0 0 0 0 0 0 0 0 0 0 0 0 0 0 0 0 0 0 0 0 0 0 0 0
                 0 0 0 0 0 0 0 0 0 0 0 0 0 0 0 0 0 0 0 0 0]
                 [0 0 0 0 0 0 0 0 0 0 0 0 0 0 0 0 0 0 0 0 0 0 0 0 0 0 0 0 0
                 0 0 0 0 0 0 0 0 0 0 0 0 0 0 0 0 0 0 0 0 0]
                 [0 0 0 0 0 0 0 0 0 0 0 0 0 0 0 0 0 0 0 0 0 0 0 0 0 0 1 0 0
                 0 0 0 0 0 0 0 0 0 0 0 0 0 0 0 0 0 0 0 0 0]
                 [0 0 0 0 0 0 0 0 0 0 0 0 0 0 0 0 0 0 0 0 0 0 0 0 0 0 0 0 0
                 0 0 0 0 0 0 0 0 0 0 0 0 0 0 0 0 0 0 0 0 0]
                 [0 0 0 0 0 0 0 0 0 0 0 0 0 0 0 0 0 0 0 0 0 0 0 0 0 0 0 0 0
                 0 0 0 0 0 0 0 0 0 0 0 0 0 0 0 0 0 0 0 0 0]]
             [[0 0 0 0 0 0 0 0 0 0 0 0 0 0 0 0 0 0 0 0 0 0 0 0 0 0 0 0 0 0
                 0 0 0 0 0 0 0 0 0 0 0 0 0 0 0 0 0 0 0 0]
                 [0 0 0 0 0 0 0 0 0 0 0 0 0 0 0 0 0 0 0 0 0 0 0 0 0 0 0 0 0
                 0 0 0 0 0 0 0 0 0 0 0 0 0 0 0 0 0 0 0 0 0]
                 [0 0 0 0 0 0 0 0 0 0 0 0 0 0 0 0 0 0 0 0 0 0 0 0 0 0 0 0 0
                 0 0 0 0 0 0 0 0 0 0 0 0 0 0 0 0 0 0 0 0 0]
                 [0 0 0 0 0 0 0 0 0 0 0 0 0 0 0 0 0 0 0 0 0 0 0 0 0 0 0 0 0
                 0 0 0 0 0 0 0 0 0 0 0 0 0 0 0 0 0 0 0 0 0]
                 [0 0 0 0 0 0 0 0 0 0 0 0 0 0 0 0 0 0 0 0 0 0 0 0 0 0 0 1 0
                 0 0 0 0 0 0 0 0 0 0 0 0 0 0 0 0 0 0 0 0 0]
                 [0 0 0 0 0 0 0 0 0 0 0 0 0 0 0 0 0 0 0 0 0 0 0 0 0 0 0 0 0
                 0 0 0 0 0 0 0 0 0 0 0 0 0 0 0 0 0 0 0 0 0]
                 [0 0 0 0 0 0 0 0 0 0 0 0 0 0 0 0 0 0 0 0 0 0 0 0 0 0 0 0 0
                 0 0 0 0 0 0 0 0 0 0 0 0 0 0 0 0 0 0 0 0 0]]
             [[0 0 0 0 0 0 0 0 0 0 0 0 0 0 0 0 0 0 0 0 0 0 0 0 0 0 0 0 0 0
                 0 0 0 0 0 0 0 0 0 0 0 0 0 0 0 0 0 0 0 0]
                 [0 0 0 0 0 0 0 0 0 0 0 0 0 0 0 0 0 0 0 0 0 0 0 0 0 0 0 0 0
                 0 0 0 0 0 0 0 0 0 0 0 0 0 0 0 0 0 0 0 0 0]
                 [0 0 0 0 0 0 0 0 0 0 0 0 0 0 0 0 0 0 0 0 0 0 0 0 0 0 0 0 0
                 0 0 0 0 0 0 0 0 0 0 0 0 0 0 0 0 0 0 0 0 0]
                 [0 0 0 0 0 0 0 0 0 0 0 0 0 0 0 0 0 0 0 0 0 0 0 0 0 0 0 0 0
                 0 0 0 0 0 0 0 0 0 0 0 0 0 0 0 0 0 0 0 0 0]
                 [0 0 0 0 0 0 0 0 0 0 0 0 0 0 0 0 0 0 0 0 0 0 0 0 0 0 0 0 1
                 0 0 0 0 0 0 0 0 0 0 0 0 0 0 0 0 0 0 0 0 0]
                 [0 0 0 0 0 0 0 0 0 0 0 0 0 0 0 0 0 0 0 0 0 0 0 0 0 0 0 0 0
                 0 0 0 0 0 0 0 0 0 0 0 0 0 0 0 0 0 0 0 0 0]
                 [0 0 0 0 0 0 0 0 0 0 0 0 0 0 0 0 0 0 0 0 0 0 0 0 0 0 0 0 0
                 0 0 0 0 0 0 0 0 0 0 0 0 0 0 0 0 0 0 0 0 0]]
             [[0 0 0 0 0 0 0 0 0 0 0 0 0 0 0 0 0 0 0 0 0 0 0 0 0 0 0 0 0 0
                 0 0 0 0 0 0 0 0 0 0 0 0 0 0 0 0 0 1 0 0]
                 [0 0 0 0 0 0 0 0 0 0 0 0 0 0 0 0 0 0 0 0 0 0 0 0 0 0 0 0 0
                 0 0 0 0 0 0 0 0 0 0 0 0 0 0 0 0 0 1 0 0 0]
                 [0 0 0 0 0 0 0 0 0 0 0 0 0 0 0 0 0 0 0 0 0 0 0 0 0 0 0 0 0
                 0 0 0 0 0 0 0 0 0 0 0 0 0 0 0 0 1 0 0 0 0]
                 [0 0 0 0 0 0 0 0 0 0 0 0 0 0 0 0 0 0 0 0 0 0 0 0 0 0 0 0 0
                 0 0 0 0 0 0 0 0 0 0 0 0 0 0 0 1 0 0 0 0 0]
                 [0 0 0 0 0 0 0 0 0 0 0 0 0 0 0 0 0 0 0 0 0 0 0 0 0 0 0 0 0
                 0 0 0 0 0 0 0 0 0 0 0 0 0 0 0 0 0 0 0 0 0]
                 [0 0 0 0 0 0 0 0 0 0 0 0 0 0 0 0 0 0 0 0 0 0 0 0 0 0 0 0 0
                 0 0 0 0 0 0 0 0 0 0 0 0 0 0 1 0 0 0 0 0 0]
                 [0 0 0 0 0 0 0 0 0 0 0 0 0 0 0 0 0 0 0 0 0 0 0 0 0 0 0 0 0
                 0 0 0 0 0 0 0 0 0 0 0 0 0 1 0 0 0 0 0 0 0]]
             [[0 0 0 0 0 0 0 0 0 0 0 0 0 0 0 0 0 0 0 0 0 0 0 0 0 0 0 0 0 0
                 0 0 0 0 0 0 0 0 0 0 0 0 0 0 0 0 0 0 1 0]
                 [0 0 0 0 0 0 0 0 0 0 0 0 0 0 0 0 0 0 0 0 0 0 0 0 0 0 0 0 0
                 0 0 0 0 0 0 0 0 0 0 0 0 0 0 0 0 0 0 1 0 0]
                 [0 0 0 0 0 0 0 0 0 0 0 0 0 0 0 0 0 0 0 0 0 0 0 0 0 0 0 0 0
                 0 0 0 0 0 0 0 0 0 0 0 0 0 0 0 0 0 1 0 0 0]
                 [0 0 0 0 0 0 0 0 0 0 0 0 0 0 0 0 0 0 0 0 0 0 0 0 0 0 0 0 0
                 0 0 0 0 0 0 0 0 0 0 0 0 0 0 0 0 1 0 0 0 0]
                 [0 0 0 0 0 0 0 0 0 0 0 0 0 0 0 0 0 0 0 0 0 0 0 0 0 0 0 0 0
                 0 0 0 0 0 0 0 0 0 0 0 0 0 0 0 0 0 0 0 0 0]
                 [0 0 0 0 0 0 0 0 0 0 0 0 0 0 0 0 0 0 0 0 0 0 0 0 0 0 0 0 0
                 0 0 0 0 0 0 0 0 0 0 0 0 0 0 0 1 0 0 0 0 0]
                 [0 0 0 0 0 0 0 0 0 0 0 0 0 0 0 0 0 0 0 0 0 0 0 0 0 0 0 0 0
                 0 0 0 0 0 0 0 0 0 0 0 0 0 0 1 0 0 0 0 0 0]]
             [[0 0 0 0 0 0 0 0 0 0 0 0 0 0 0 0 0 0 0 0 0 0 0 0 0 0 0 0 0 0
                 0 0 0 0 0 0 0 0 0 0 0 0 0 0 0 0 0 0 0 1]
                 [0 0 0 0 0 0 0 0 0 0 0 0 0 0 0 0 0 0 0 0 0 0 0 0 0 0 0 0 0
                 0 0 0 0 0 0 0 0 0 0 0 0 0 0 0 0 0 0 0 1 0]
                 [0 0 0 0 0 0 0 0 0 0 0 0 0 0 0 0 0 0 0 0 0 0 0 0 0 0 0 0 0
                 0 0 0 0 0 0 0 0 0 0 0 0 0 0 0 0 0 0 1 0 0]
                 [0 0 0 0 0 0 0 0 0 0 0 0 0 0 0 0 0 0 0 0 0 0 0 0 0 0 0 0 0
                 0 0 0 0 0 0 0 0 0 0 0 0 0 0 0 0 0 1 0 0 0]
                 [0 0 0 0 0 0 0 0 0 0 0 0 0 0 0 0 0 0 0 0 0 0 0 0 0 0 0 0 0
                 0 0 0 0 0 0 0 0 0 0 0 0 0 0 0 0 0 0 0 0 0]
                 [0 0 0 0 0 0 0 0 0 0 0 0 0 0 0 0 0 0 0 0 0 0 0 0 0 0 0 0 0
                 0 0 0 0 0 0 0 0 0 0 0 0 0 0 0 0 1 0 0 0 0]
                 [0 0 0 0 0 0 0 0 0 0 0 0 0 0 0 0 0 0 0 0 0 0 0 0 0 0 0 0 0
                 0 0 0 0 0 0 0 0 0 0 0 0 0 0 0 1 0 0 0 0 0]]
             [[0 0 0 0 0 0 0 0 0 0 0 0 0 0 0 0 0 0 0 0 0 0 0 0 0 0 0 0 0 0
                 0 0 0 0 0 0 0 0 0 0 0 0 0 0 0 0 0 0 0 0]
                 [0 0 0 0 0 0 0 0 0 0 0 0 0 0 0 0 0 0 0 0 0 0 0 0 0 0 0 0 0
                 0 0 0 0 0 0 0 0 0 0 0 0 0 0 0 0 0 0 0 0 0]
                 [0 0 0 0 0 0 0 0 0 0 0 0 0 0 0 0 0 0 0 0 0 0 0 0 0 0 0 0 0
                 0 0 0 0 0 0 0 0 0 0 0 0 0 0 0 0 0 0 0 0 0]
                 [0 0 0 0 0 0 0 0 0 0 0 0 0 0 0 0 0 0 0 0 0 0 0 0 0 0 0 0 0
                 0 0 0 0 0 0 0 0 0 0 0 0 0 0 0 0 0 0 0 0 0]
                 [0 0 0 0 0 0 0 0 0 0 0 0 0 0 0 0 0 0 0 0 0 0 0 0 0 0 0 0 0
                 0 0 0 0 0 0 0 0 0 0 0 0 0 0 0 0 0 0 0 0 0]
                 [0 0 0 0 0 0 0 0 0 0 0 0 0 0 0 0 0 0 0 0 0 0 0 0 0 0 0 0 0
                 0 0 0 0 0 0 0 0 0 0 0 0 0 0 0 0 0 0 0 0 0]
                 [0 0 0 0 0 0 0 0 0 0 0 0 0 0 0 0 0 0 0 0 0 0 0 0 0 0 0 0 0
                 0 0 0 0 0 0 0 0 0 0 0 0 0 0 0 0 0 0 0 0 0]]];
attacker_path = [[0 0 0 0 0 0 0 0 0 0 0 0 0 0 0 0 0 0 0 0 0 0 0 0 0 0 0 0 0
             0 0 0 0 0 0 0 0 0 0 0 0 0 0 0 0 0 0 0 0 0 0 0 0 0 0 0 0 0 0 0
             0 1]
             [0 0 0 0 0 0 0 0 0 0 0 0 0 0 0 0 0 0 0 0 0 0 0 0 0 0 0 0 0 0 0
             0 0 0 0 0 0 0 0 0 0 0 0 0 0 0 0 0 0 0 0 0 0 0 0 0 0 0 0 0 0 1]
             [0 0 0 0 0 0 0 0 0 0 0 0 0 0 0 0 0 0 0 0 0 0 0 0 0 0 0 0 0 0 0
             0 0 0 0 0 0 0 0 0 0 0 0 0 0 0 0 0 0 0 0 0 0 0 0 0 0 0 0 0 0 1]
             [0 0 0 0 0 0 0 0 0 0 0 0 0 0 0 0 0 0 0 0 0 0 0 0 0 0 0 0 0 0 0
             0 0 0 0 0 0 0 0 0 0 0 0 0 0 0 0 0 0 0 0 0 0 0 0 0 0 0 0 0 0 1]
             [0 0 0 0 0 0 0 0 0 0 0 0 0 0 0 0 0 0 0 0 0 0 0 0 0 0 0 0 0 0 0
             0 0 0 0 0 0 0 0 0 0 0 0 0 0 0 0 0 0 0 0 0 0 0 0 0 0 0 0 0 0 1]
             [0 0 0 0 0 0 0 0 0 0 0 0 0 0 0 0 0 0 0 0 0 0 0 0 0 0 0 0 0 0 0
             0 0 0 0 0 0 0 0 0 0 0 0 0 0 0 0 0 0 0 0 0 0 0 0 0 0 0 0 0 0 1]
             [0 0 0 0 0 0 0 0 0 0 0 0 0 0 0 0 0 0 0 0 0 0 0 0 0 0 0 0 0 0 0
             0 0 0 0 0 0 0 0 0 0 0 0 0 0 0 0 0 0 0 0 0 0 0 0 0 0 0 0 0 0 1]
             [0 0 0 0 0 0 0 0 0 0 0 0 0 0 0 0 0 0 0 0 0 0 0 0 0 0 0 0 0 0 0
             0 0 0 0 0 0 0 0 0 0 0 0 0 0 0 0 0 0 0 0 0 0 0 0 0 0 0 0 0 0 1]
             [0 0 0 0 0 0 0 0 0 0 0 0 0 0 0 0 0 0 0 0 0 0 0 0 0 0 0 0 0 0 0
             0 0 0 0 0 0 0 0 0 0 0 0 0 0 0 0 0 0 0 0 0 0 0 0 0 0 0 0 0 0 1]
             [0 0 0 0 0 0 0 0 0 0 0 0 0 0 0 0 0 0 0 0 0 0 0 0 0 0 0 0 0 0 0
             0 0 0 0 0 0 0 0 0 0 0 0 0 0 0 0 0 0 0 0 0 0 0 0 0 0 0 0 0 0 1]
             [0 0 0 0 0 0 0 0 0 0 0 0 0 0 0 0 0 0 0 0 0 0 0 0 0 0 0 0 0 0 0
             0 0 0 0 0 0 0 0 0 0 0 0 0 0 0 0 0 0 0 0 0 0 0 0 0 0 0 0 0 0 1]
             [0 0 0 0 0 0 0 0 0 0 0 0 0 0 0 0 0 0 0 0 0 0 0 0 0 0 0 0 0 0 0
             0 0 0 0 0 0 0 0 0 0 0 0 0 0 0 0 0 0 0 0 0 0 0 0 0 0 0 0 0 0 1]
             [0 0 0 0 0 0 0 0 0 0 0 0 0 0 0 0 0 0 0 0 0 0 0 0 0 0 0 0 0 0 0
             0 0 0 0 0 0 0 0 0 0 0 0 0 0 0 0 0 0 0 0 0 0 0 0 0 0 0 0 0 0 1]
             [0 0 0 0 0 0 0 0 0 0 0 0 0 0 0 0 0 0 0 0 0 0 0 0 0 0 0 0 0 0 0
             0 0 0 0 0 0 0 0 0 0 0 0 0 0 0 0 0 0 0 0 0 0 0 0 0 0 0 0 0 0 1]
             [0 0 0 0 0 0 0 0 0 0 0 0 0 0 0 0 0 0 0 0 0 0 0 0 0 0 0 0 0 0 0
             0 0 0 0 0 0 0 0 0 0 0 0 0 0 0 0 0 0 0 0 0 0 0 0 0 0 0 0 0 0 1]
             [0 0 0 0 0 0 0 0 0 0 0 0 0 0 0 0 0 0 0 0 0 0 0 0 0 0 0 0 0 0 0
             0 0 0 0 0 0 0 0 0 0 0 0 0 0 0 0 0 0 0 0 0 0 0 0 0 0 0 0 0 0 1]
             [0 0 0 0 0 0 0 0 0 0 0 0 0 0 0 0 0 0 0 0 0 0 0 0 0 0 0 0 0 0 0
             0 0 0 0 0 0 0 0 0 0 0 0 0 0 0 0 0 0 0 0 0 0 0 0 0 0 0 0 0 0 1]
             [0 0 0 0 0 0 0 0 0 0 0 0 0 0 0 0 0 0 0 0 0 0 0 0 0 0 0 0 0 0 0
             0 0 0 0 0 0 0 0 0 0 0 0 0 0 0 0 0 0 0 0 0 0 0 0 0 0 0 0 0 0 1]
             [0 0 0 0 0 0 0 0 0 0 0 0 0 0 0 0 0 0 0 0 0 0 0 0 0 0 0 0 0 0 0
             0 0 0 0 0 0 0 0 0 0 0 0 0 0 0 0 0 0 0 0 0 0 0 0 0 0 0 0 0 0 1]
             [0 0 0 0 0 0 0 0 0 0 0 0 0 0 0 0 0 0 0 0 0 0 0 0 0 0 0 0 0 0 0
             0 0 0 0 0 0 0 0 0 0 0 0 0 0 0 0 0 0 0 0 0 0 0 0 0 0 0 0 0 0 1]
             [0 0 0 0 0 0 0 0 0 0 0 0 0 0 0 0 0 0 0 0 0 0 0 0 0 0 0 0 0 0 0
             0 0 0 0 0 0 0 0 0 0 0 0 0 0 0 0 0 0 0 0 0 0 0 0 0 0 0 0 0 0 1]
             [0 0 0 0 0 0 0 0 0 0 0 0 0 0 0 0 0 0 0 0 0 0 0 0 0 0 0 0 0 0 0
             0 0 0 0 0 0 0 0 0 0 0 0 0 0 0 0 0 0 0 0 0 0 0 0 0 0 0 0 0 0 1]
             [0 0 0 0 0 0 0 0 0 0 0 0 0 0 0 0 0 0 0 0 0 0 0 0 0 0 0 0 0 0 0
             0 0 0 0 0 0 0 0 0 0 0 0 0 0 0 0 0 0 0 0 0 0 0 0 0 0 0 0 0 0 1]
             [0 0 0 0 0 0 0 0 0 0 0 0 0 0 0 0 0 0 0 0 0 0 0 0 0 0 0 0 0 0 0
             0 0 0 0 0 0 0 0 0 0 0 0 0 0 0 0 0 0 0 0 0 0 0 0 0 0 0 0 0 0 1]
             [0 0 0 0 0 0 0 0 0 0 0 0 0 0 0 0 0 0 0 0 0 0 0 0 0 0 0 0 0 0 0
             0 0 0 0 0 0 0 0 0 0 0 0 0 0 0 0 0 0 0 0 0 0 0 0 0 0 0 0 0 0 1]
             [0 0 0 0 0 0 0 0 0 0 0 0 0 0 0 0 0 0 0 0 0 0 0 0 0 0 0 0 0 0 0
             0 0 0 0 0 0 0 0 0 0 0 0 0 0 0 0 0 0 0 0 0 0 0 0 0 0 0 0 0 0 1]
             [0 0 0 0 0 0 0 0 0 0 0 0 0 0 0 0 0 0 0 0 0 0 0 0 0 0 0 0 0 0 0
             0 0 0 0 0 0 0 0 0 0 0 0 0 0 0 0 0 0 0 0 0 0 0 0 0 0 0 0 0 0 1]
             [0 0 0 0 0 0 0 0 0 0 0 0 0 0 0 0 0 0 0 0 0 0 0 0 0 0 0 0 0 0 0
             0 0 0 0 0 0 0 0 0 0 0 0 0 0 0 0 0 0 0 0 0 0 0 0 0 0 0 0 0 0 1]
             [0 0 0 0 0 0 0 0 0 0 0 0 0 0 0 0 0 0 0 0 0 0 0 0 0 0 0 0 0 0 0
             0 0 0 0 0 0 0 0 0 0 0 0 0 0 0 0 0 0 0 0 0 0 0 0 0 0 0 0 1 0 0]
             [0 0 0 0 0 0 0 0 0 0 0 0 0 0 0 0 0 0 0 0 0 0 0 0 0 0 0 0 0 0 0
             0 0 0 0 0 0 0 0 0 0 0 0 0 0 0 1 0 0 0 0 0 0 0 0 0 0 0 0 0 0 0]
             [0 0 0 0 0 0 0 0 0 0 0 0 0 0 0 0 0 0 0 0 0 0 0 0 0 0 0 0 0 0 0
             0 0 0 0 0 0 0 0 0 0 0 0 0 0 0 1 0 0 0 0 0 0 0 0 0 0 0 0 0 0 0]
             [0 0 0 0 0 0 0 0 0 0 0 0 0 0 0 0 0 0 0 0 0 0 0 0 0 0 0 0 0 0 0
             0 0 0 0 0 0 0 0 0 0 0 0 0 0 0 1 0 0 0 0 0 0 0 0 0 0 0 0 0 0 0]
             [0 0 0 0 0 0 0 0 0 0 0 0 0 0 0 0 0 0 0 0 0 0 0 0 0 0 0 0 0 0 0
             0 0 0 0 0 0 0 0 0 0 0 0 0 0 0 1 0 0 0 0 0 0 0 0 0 0 0 0 0 0 0]
             [0 0 0 0 0 0 0 0 0 0 0 0 0 0 0 0 0 0 0 0 0 0 0 0 0 0 0 0 0 0 0
             0 0 0 0 0 0 0 0 0 0 0 0 0 0 0 1 0 0 0 0 0 0 0 0 0 0 0 0 0 0 0]
             [0 0 0 0 0 0 0 0 0 0 0 0 0 0 0 0 0 0 0 0 0 0 0 0 0 0 0 0 0 0 0
             0 0 0 0 0 0 0 0 0 0 0 0 0 0 0 1 0 0 0 0 0 0 0 0 0 0 0 0 0 0 0]
             [0 0 0 0 0 0 0 0 0 0 0 0 0 0 0 0 0 0 0 0 0 0 0 0 0 0 0 0 0 0 0
             0 0 0 0 0 0 0 0 0 0 0 0 0 0 0 1 0 0 0 0 0 0 0 0 0 0 0 0 0 0 0]
             [0 0 0 0 0 0 0 0 0 0 0 0 0 0 0 0 0 0 0 0 0 0 0 0 0 0 0 0 0 0 0
             0 0 0 0 0 0 0 0 0 0 0 0 0 0 0 1 0 0 0 0 0 0 0 0 0 0 0 0 0 0 0]
             [0 0 0 0 0 0 0 0 0 0 0 0 0 0 0 0 0 0 0 0 0 0 0 0 0 0 0 0 0 0 0
             0 0 0 0 0 0 0 0 0 0 0 0 0 0 0 1 0 0 0 0 0 0 0 0 0 0 0 0 0 0 0]
             [0 0 0 0 0 0 0 0 0 0 0 0 0 0 0 0 0 0 0 0 0 0 0 0 0 0 0 0 0 0 0
             0 0 0 0 0 0 0 0 0 0 0 0 0 0 0 1 0 0 0 0 0 0 0 0 0 0 0 0 0 0 0]
             [0 0 0 0 0 0 0 0 0 0 0 0 0 0 0 0 0 0 0 0 0 0 0 0 0 0 0 0 0 0 0
             0 0 0 0 0 0 0 0 0 0 0 0 0 0 0 1 0 0 0 0 0 0 0 0 0 0 0 0 0 0 0]
             [0 0 0 0 0 0 0 0 0 0 0 0 0 0 0 0 0 0 0 0 0 0 0 0 0 0 0 0 0 0 0
             0 0 0 0 0 0 0 0 0 0 0 0 0 0 0 1 0 0 0 0 0 0 0 0 0 0 0 0 0 0 0]
             [0 0 0 0 0 0 0 0 0 0 0 0 0 0 0 0 0 0 0 0 0 0 0 0 0 0 0 0 0 0 0
             0 0 0 0 0 0 0 0 0 0 0 0 0 0 0 1 0 0 0 0 0 0 0 0 0 0 0 0 0 0 0]
             [0 0 0 0 0 0 0 0 0 0 0 0 0 0 0 0 0 0 0 0 0 0 0 0 0 0 0 0 0 0 0
             0 0 0 0 0 0 0 0 0 0 0 0 0 0 0 1 0 0 0 0 0 0 0 0 0 0 0 0 0 0 0]
             [0 0 0 0 0 0 0 0 0 0 0 0 0 0 0 0 0 0 0 0 0 0 0 0 0 0 0 0 0 0 0
             0 0 0 0 0 0 0 0 0 0 0 0 0 0 0 1 0 0 0 0 0 0 0 0 0 0 0 0 0 0 0]
             [0 0 0 0 0 0 0 0 0 0 0 0 0 0 0 0 0 0 0 0 0 0 0 0 0 0 0 0 0 0 0
             0 0 0 0 0 0 0 0 0 0 0 0 0 0 0 1 0 0 0 0 0 0 0 0 0 0 0 0 0 0 0]
             [0 0 0 0 0 0 0 0 0 0 0 0 0 0 0 0 0 0 0 0 0 0 0 0 0 0 0 0 0 0 0
             0 0 0 0 0 0 0 0 0 0 0 0 0 0 0 1 0 0 0 0 0 0 0 0 0 0 0 0 0 0 0]
             [0 0 0 0 0 0 0 0 0 0 0 0 0 0 0 0 0 0 0 0 0 0 0 0 0 0 0 0 0 0 0
             0 0 0 0 0 0 0 0 0 0 0 0 0 0 0 1 0 0 0 0 0 0 0 0 0 0 0 0 0 0 0]
             [0 0 0 0 0 0 0 0 0 0 0 0 0 0 0 0 0 0 0 0 0 0 0 0 0 0 0 0 0 0 0
             0 0 0 0 0 0 0 0 0 0 0 0 0 0 0 1 0 0 0 0 0 0 0 0 0 0 0 0 0 0 0]
             [0 0 0 0 0 0 0 0 0 0 0 0 0 0 0 0 0 0 0 0 0 0 0 0 0 0 0 0 0 0 0
             0 0 0 0 0 0 0 0 0 0 0 0 0 0 0 1 0 0 0 0 0 0 0 0 0 0 0 0 0 0 0]
             [0 0 0 0 0 0 0 0 0 0 0 0 0 0 0 0 0 0 0 0 0 0 0 0 0 0 0 0 0 0 0
             0 0 0 0 0 0 0 0 0 0 0 0 0 0 0 1 0 0 0 0 0 0 0 0 0 0 0 0 0 0 0]];

<<< done, at 147741s, took 0.117392s

